100 0 0 0 0
100 1 1 0 0
100 2 2 0 0
100 3 3 0 0
100 5 5 0 0
100 6 6 0 0
100 8 8 0 0
98 9 9 2,5 1
96 11 11 3 1
91 12 12 7 2,5
71 14 14 25 9,5
71 15 15 24 9
66 17 17 27 10
51 18 18 41 15,5
31 20 20 79 34,5
11 21 21 99 64
11 23 23 97 63
11 24 24 96 62,5
11 26 26 94 61,5
11 27 27 83,6 57,925
11 29 29 73,24 54,02875
11 30 30 64,91599 50,82731
11 32 32 62,91599 49,82731
11 33 33 61,91599 49,32731
11 35 35 59,91599 48,32731
11 36 36 58,91599 47,82731
11 38 38 56,91599 46,82731
11 39 39 55,91599 46,32731
11 41 41 53,91599 45,32731
11 42 42 52,91599 44,82731
11 44 44 50,91599 43,82731
11 45 45 49,91599 43,32731
11 47 47 47,91599 42,32731
11 48 48 46,91599 41,82731
11 50 50 44,91599 40,82731
11 51 51 43,91599 40,32731
100 1 1 41,91599 39,32731
100 2 2 40,91599 38,82731
100 4 4 38,91599 37,82731
100 5 5 37,91599 37,32731
100 7 7 35,91599 36,32731
100 8 8 34,91599 35,82731
100 10 10 32,91599 34,82731
100 11 11 31,91599 34,32731
100 13 13 29,91599 33,32731
100 14 14 28,91599 32,82731
100 16 16 26,91599 31,82731
100 17 17 25,91599 31,32731
100 19 19 23,91599 30,32731
100 20 20 22,91599 29,82731
100 22 22 20,91599 28,82731
100 23 23 19,91599 28,32731
100 25 25 17,91599 27,32731
100 26 26 16,91599 26,82731
100 28 28 14,91599 25,82731
90 29 29 23,91599 30,32731
60 31 31 51,91599 44,32731
50 32 32 70,91599 53,82731
30 34 34 100 82,82731
30 35 35 99 82,32731
30 37 37 77,2 73,09457
30 38 38 60,76001 65,28512
30 40 40 58,76001 64,28512
30 41 41 57,76001 63,78512
30 43 43 55,76001 62,78512
30 44 44 54,76001 62,28512
30 46 46 52,76001 61,28512
30 47 47 51,76001 60,78512
30 49 49 49,76001 59,78512
30 50 50 48,76001 59,28512
30 52 52 46,76001 58,28512
30 53 53 45,76001 57,78512
30 55 55 43,76001 56,78512
30 56 56 42,76001 56,28512
30 58 58 40,76001 55,28512


/////////////// Param 1 in più
100 19 19 36 0 high medium annoyed
100 21 21 34 0 high medium annoyed
100 22 22 33 0 high high calm


/////////////// Param 10 in più
100 100 100 0 0 low high replenish
100 100 100 0 0 low high replenish
100 10 10 0 0 high high calm
100 20 20 0 0 high high calm

/////////////// Param 30 in più
100 100 100 0 0 low high replenish
100 100 100 0 0 low high replenish
100 0 0 0 0 high high calm
100 60 60 0 0 high high calm
100 90 90 0 0 low high replenish